Farming level, % Regular quality, % Silver quality, % Gold quality
0,78%,14%,8%
1,64%,23%,13%
2,52%,30%,18%
3,40%,36%,24%
4,30%,41%,29%
5,20%,46%,34%
6,15%,45%,40%
7,14%,41%,45%
8,12%,38%,50%
9,11%,33%,56%
10,10%,29%,61%
11,9%,25%,66%
12,7%,21%,72%
13,6%,17%,77%
,,,