Farming level, % Regular quality, % Silver quality, % Gold quality
0,87%,9%,4%
1,77%,15%,8%
2,68%,20%,12%
3,59%,26%,15%
4,50%,31%,19%
5,42%,35%,23%
6,35%,39%,26%
7,28%,42%,30%
8,22%,44%,34%
9,16%,47%,37%
10,15%,44%,41%
11,14%,41%,45%
12,13%,39%,48%
13,12%,36%,52%